"WL","1","2","3","4","5","6","7","8","9","10","11","12","13","14","15","16","17","18","19"
190,60.1225509643555,99.8345413208008,61.1069831848145,95.2399368286133,72.5213623046875,76.2731628417969,94.9827499389648,63.7399826049805,93.6703491210938,97.0641632080078,96.090576171875,97.2094497680664,100,50.1483612060547,97.9579086303711,98.4529190063477,100.000007629395,99.1785278320312,97.6564559936523
192,63.2620658874512,100,64.4854278564453,98.3491592407227,77.1880187988281,81.7560577392578,98.5011901855469,66.7616424560547,96.4083862304688,100.000007629395,100,100.000007629395,94.8924789428711,52.0251426696777,100,100,99.1855773925781,100,99.9840393066406
194,64.6707153320312,98.2180404663086,66.1142578125,99.5597305297852,81.733154296875,86.2720108032227,99.7063980102539,70.7489624023438,97.159309387207,96.6669158935547,99.9485244750977,99.7852096557617,86.5417251586914,51.0500450134277,97.8567352294922,97.9249038696289,94.5093460083008,98.8008728027344,100
196,64.733512878418,95.9282455444336,66.5275115966797,100,86.073486328125,90.5322799682617,100,75.9796600341797,97.3589630126953,89.9912414550781,97.1841354370117,98.4771957397461,79.0559158325195,48.5637435913086,94.3988647460938,94.8742294311523,88.6127853393555,95.4944381713867,97.5720596313477
198,63.4218101501465,93.2707214355469,65.6603546142578,99.8201904296875,90.4069442749023,94.5540008544922,99.5648880004883,82.4985961914062,97.351806640625,80.5117568969727,91.3374633789062,96.3314743041992,73.3056945800781,44.6828880310059,89.7812728881836,91.1782379150391,81.6255111694336,89.6498641967773,92.2104339599609
200,60.7665596008301,90.2156372070312,63.4406700134277,98.9463348388672,94.5083084106445,97.9651870727539,98.2236709594727,89.8751983642578,97.387825012207,69.0917816162109,82.8474807739258,93.2733154296875,69.4329299926758,39.5377502441406,83.7895660400391,86.8973007202148,73.2241744995117,80.758056640625,83.4864349365234
202,57.4681434631348,87.0897445678711,60.3812484741211,97.2972793579102,97.8007278442383,99.9317474365234,95.9134750366211,96.4248123168945,97.7430572509766,58.229377746582,73.4070434570312,89.5705947875977,67.2794723510742,33.9021148681641,76.630485534668,82.4021148681641,63.7426223754883,69.2878875732422,72.3218536376953
204,54.8154945373535,84.4400482177734,57.7105255126953,94.8708572387695,99.6783981323242,100,93.1737747192383,99.9999923706055,98.4990005493164,50.1876945495605,64.6562194824219,85.8421249389648,66.1190338134766,28.7647247314453,68.9372329711914,78.2580947875977,53.826530456543,56.5524635314941,60.5131950378418
206,53.8958473205566,82.6087112426758,56.6232414245605,91.6053161621094,100,98.587028503418,90.6411819458008,99.6918411254883,99.3766555786133,45.2350273132324,57.5451126098633,82.6195297241211,65.1663284301758,24.5234642028809,61.2808074951172,74.8929138183594,43.8512725830078,43.646842956543,49.2071113586426
208,55.3097648620605,81.7547836303711,57.7583312988281,87.3992156982422,98.9809951782227,96.4338989257812,88.7554550170898,96.2158889770508,99.9626693725586,42.6335639953613,51.9007911682129,80.1207809448242,63.9629859924316,21.1572246551514,54.2105903625488,72.5389633178711,34.235408782959,31.3424510955811,38.9815444946289
210,58.9062690734863,81.8940658569336,61.060905456543,82.6303558349609,97.0055465698242,94.1321487426758,87.8223419189453,91.2871932983398,100,41.8165588378906,47.9259338378906,78.4856033325195,62.4124717712402,18.7787780761719,48.6076850891113,71.3229598999023,26.306266784668,21.4140968322754,30.720609664917
212,64.3578414916992,82.8485946655273,66.2319564819336,77.3334350585938,94.4479522705078,91.6582489013672,87.7049255371094,85.9049758911133,99.6747665405273,42.2738037109375,45.513671875,77.5567092895508,60.5189933776855,17.2124328613281,44.4983367919922,70.9953918457031,20.1626644134521,14.0606327056885,24.0127563476562
214,71.4666976928711,84.4436874389648,73.0154037475586,71.4603118896484,91.8149948120117,89.0588684082031,88.3300857543945,80.3916778564453,99.3494873046875,43.8007621765137,44.4616584777832,77.3101348876953,58.4432334899902,16.3460922241211,41.8547515869141,71.3933181762695,15.6579170227051,9.07291603088379,18.5678367614746
216,80.0215072631836,86.4344787597656,81.2169418334961,65.0008926391602,89.6556701660156,86.7344741821289,89.5697326660156,74.6227645874023,99.1569976806641,46.2197151184082,44.5431747436523,77.7637023925781,56.3785209655762,16.1120929718018,40.5124778747559,72.5196914672852,12.4252185821533,6.01876592636108,14.2331104278564
218,89.0184020996094,88.251350402832,89.8054428100586,58.4298706054688,88.2546615600586,85.2232666015625,91.0597229003906,68.6150207519531,98.6044235229492,49.0194206237793,45.5864181518555,78.7679443359375,54.4548835754395,16.4299964904785,40.2444534301758,74.3494338989258,10.1640825271606,4.3868842124939,10.984712600708
220,96.6231536865234,89.0692520141602,96.9790420532227,52.3069152832031,87.3829040527344,84.5756072998047,92.1649703979492,62.5040702819824,96.6251449584961,51.3459968566895,46.8478393554688,79.9873352050781,52.8580932617188,17.1054039001465,40.684009552002,76.8324127197266,8.50899314880371,3.59322094917297,8.70565891265869
222,100,87.9225006103516,99.9999923706055,47.3195953369141,86.8116302490234,84.4643402099609,92.2824020385742,56.9552841186523,92.4324569702148,52.0550575256348,47.1324729919434,80.8960723876953,52.0954399108887,17.8367252349854,41.3842620849609,79.5906372070312,7.24882459640503,3.27111172676086,7.2623143196106
224,97.3727645874023,83.8014297485352,97.064582824707,43.2430191040039,86.2544937133789,84.41064453125,91.3667297363281,52.0571022033691,85.559684753418,50.3369483947754,45.456485748291,80.9934387207031,52.1247711181641,18.379861831665,42.2172889709473,82.3840484619141,6.17976379394531,3.16371321678162,6.31096649169922
226,87.0962600708008,75.6254196166992,86.6800384521484,39.8899002075195,84.7769470214844,83.8643341064453,89.728515625,47.8692474365234,76.2808227539062,45.7461471557617,41.4380264282227,79.74755859375,52.4855804443359,18.5329418182373,43.0529441833496,84.9057464599609,5.24340963363647,3.11913132667542,5.66389846801758
228,68.8570938110352,63.3119888305664,68.7078170776367,36.9636306762695,81.7309494018555,82.4450912475586,87.6522598266602,44.3122024536133,65.3852462768555,38.6366310119629,35.4249496459961,76.7729644775391,52.8601303100586,18.1357879638672,43.7347755432129,86.9578399658203,4.43480587005615,3.07082557678223,5.16336059570312
230,48.1304702758789,50.2194290161133,48.3786964416504,34.3835296630859,77.9387283325195,80.3902969360352,85.1448516845703,41.5061378479004,54.8531188964844,31.0074596405029,28.9406471252441,72.2746658325195,53.0734825134277,17.1277866363525,44.0379409790039,88.2226028442383,3.79739832878113,3.01877593994141,4.77652454376221
232,30.325174331665,39.3387107849121,30.7586135864258,31.9252452850342,73.7459411621094,77.8246383666992,81.5984191894531,39.0887756347656,45.3282775878906,24.2516479492188,23.248556137085,66.3066711425781,53.0976448059082,15.5396032333374,43.8190231323242,88.6088027954102,3.28749370574951,2.96726393699646,4.45342350006104
234,18.237491607666,32.1390266418457,18.6930236816406,29.5936641693115,68.3980941772461,74.280143737793,76.1484069824219,36.6052322387695,37.0910606384277,18.9784736633301,18.913215637207,58.7312927246094,52.9012603759766,13.5420417785645,42.7727851867676,87.917350769043,2.89070701599121,2.93011021614075,4.19084215164185
236,11.9809532165527,28.5209274291992,12.3331356048584,27.7175579071045,61.6871604919434,69.3459625244141,68.7334442138672,33.8214950561523,30.8877906799316,15.372730255127,16.063138961792,50.2689208984375,52.4742088317871,11.6460618972778,40.6100692749023,86.0470581054688,2.614018201828,2.88726115226746,3.97553205490112
238,9.02793979644775,26.9596614837646,9.13574123382568,26.3450012207031,54.2619094848633,62.7980537414551,59.0687980651855,30.5040454864502,26.5421905517578,12.7755556106567,14.1350622177124,41.3334770202637,51.8021774291992,10.1135091781616,37.0730781555176,82.7771530151367,2.41213011741638,2.82796239852905,3.79070830345154
240,7.80925703048706,26.5764636993408,7.56839323043823,25.526912689209,48.2414588928223,56.115047454834,48.402530670166,27.0356674194336,24.1819190979004,10.9268598556519,12.806999206543,33.6017608642578,50.9138946533203,9.1443977355957,32.4890327453613,78.2607116699219,2.28058791160583,2.76185321807861,3.69089770317078
242,7.34405994415283,26.8017082214355,6.70579528808594,25.0898914337158,44.087028503418,50.2616424560547,37.6385040283203,23.5535678863525,23.3033828735352,9.46243476867676,11.8011913299561,27.4104595184326,49.7990570068359,8.55280780792236,27.2551746368408,72.3153839111328,2.20540356636047,2.69375920295715,3.63373327255249
244,7.30209064483643,27.3120861053467,6.54957246780396,24.9407596588135,41.685977935791,45.9741706848145,28.9038581848145,20.5162677764893,23.4737758636475,8.33238792419434,11.0439138412476,23.1030673980713,48.5908546447754,8.16790294647217,22.5173320770264,65.4738464355469,2.15790963172913,2.65985822677612,3.62703084945679
246,7.5382285118103,27.9332904815674,7.18507766723633,25.016284942627,40.4103546142578,42.6083641052246,22.5468845367432,17.9815006256104,24.1790714263916,7.41612672805786,10.3620500564575,19.993444442749,47.2910385131836,7.81413745880127,18.6645450592041,57.7017021179199,2.12708687782288,2.62023496627808,3.67029571533203
248,7.97528314590454,28.496919631958,8.32594203948975,25.2690467834473,40.0178260803223,39.9058074951172,18.7756652832031,16.2688827514648,25.0059471130371,6.75400733947754,9.88628005981445,17.8579978942871,46.0423469543457,7.45613622665405,16.0162658691406,49.8431015014648,2.11266446113586,2.55341553688049,3.75637197494507
250,8.59804534912109,29.0101261138916,9.5134105682373,25.6631641387939,40.1528472900391,37.6131782531738,16.7795486450195,15.3786001205444,25.835765838623,6.30919361114502,9.49869441986084,16.3131217956543,44.8431701660156,7.06881380081177,14.1811428070068,41.884449005127,2.10493183135986,2.50895309448242,3.88655376434326
252,9.35308456420898,29.4909477233887,10.4915885925293,26.1120262145996,40.4922943115234,35.8980026245117,15.9961538314819,15.3659324645996,26.6209545135498,6.0917181968689,9.4006986618042,15.2620725631714,43.8033752441406,6.69349765777588,12.9821910858154,34.5614547729492,2.10458111763,2.50140571594238,4.03061056137085
254,10.2720642089844,29.9684066772461,11.4199714660645,26.5830574035645,40.8290977478027,34.6190605163574,15.851487159729,16.1476497650146,27.4546413421631,6.06012773513794,9.53067207336426,14.5358238220215,42.8569030761719,6.35900068283081,12.1284227371216,27.7505970001221,2.11193513870239,2.48882627487183,4.2041974067688
256,11.3210315704346,30.3543090820312,12.3933219909668,27.022216796875,41.0019302368164,33.6601219177246,16.1422824859619,17.6110401153564,28.3645305633545,6.18286752700806,9.66429042816162,14.0750675201416,42.0234413146973,6.11537504196167,11.5551233291626,21.8441295623779,2.11884951591492,2.47017312049866,4.37819671630859
258,12.4407663345337,30.5076713562012,13.497015953064,27.3591213226318,40.9639587402344,32.8126029968262,16.8066844940186,19.6014060974121,29.3489799499512,6.41020154953003,9.88817596435547,13.8390102386475,41.293384552002,5.99726676940918,11.1686820983887,17.0150203704834,2.12675499916077,2.45329236984253,4.60136318206787
260,13.6649646759033,30.2888469696045,14.7246246337891,27.559741973877,40.6529960632324,31.8394165039062,17.8102588653564,22.1612377166748,30.4758586883545,6.72219610214233,10.2023906707764,13.8034725189209,40.6249389648438,6.00854873657227,10.9389486312866,12.9736223220825,2.13781142234802,2.45881533622742,4.88031721115112
262,14.9288158416748,29.6135139465332,15.9995622634888,27.5824871063232,40.1202812194824,30.7675113677979,18.9309310913086,25.2073097229004,31.7386035919189,7.09232902526855,10.4598159790039,13.9597835540771,40.0483360290527,6.12117671966553,10.9023303985596,9.82986640930176,2.13358068466187,2.48107290267944,5.15082120895386
264,16.2085762023926,28.5401401519775,17.2476367950439,27.4435977935791,39.4091491699219,29.8411407470703,19.933687210083,28.6914291381836,33.1637535095215,7.50721883773804,10.781759262085,14.2293186187744,39.5496444702148,6.3051586151123,10.9940156936646,7.475989818573,2.13603496551514,2.50737333297729,5.42632961273193
266,17.4423522949219,27.2527809143066,18.3644351959229,27.2267379760742,38.3915901184082,29.3304138183594,20.7937717437744,32.4110221862793,34.7069244384766,7.93498706817627,11.1818246841431,14.5308675765991,39.161319732666,6.54495906829834,11.1667127609253,5.81386518478394,2.1350953578949,2.51104426383972,5.69854831695557
268,18.6420478820801,25.8248195648193,19.4124546051025,27.0267772674561,36.9755172729492,29.1555557250977,21.7261943817139,36.3715400695801,36.3886032104492,8.37543201446533,11.5157051086426,14.8631010055542,38.8227882385254,6.8670654296875,11.3991603851318,4.63773965835571,2.12870454788208,2.52141952514648,5.9816575050354
270,19.6644268035889,24.3976287841797,20.2025337219238,26.9481010437012,35.3616409301758,28.9131660461426,22.7188568115234,40.3113594055176,38.1059188842773,8.77900314331055,11.8106079101562,15.194787979126,38.5082397460938,7.2784481048584,11.5909252166748,3.85178208351135,2.10933566093445,2.55166959762573,6.32931756973267
272,20.3894214630127,23.0334663391113,20.7558307647705,27.060962677002,33.9635887145996,28.2652244567871,23.4501438140869,44.1828651428223,39.8823165893555,9.11319923400879,12.1138229370117,15.5015916824341,38.2162170410156,7.74837779998779,11.8008165359497,3.34857821464539,2.10803127288818,2.6031551361084,6.69767045974731
274,20.8108081817627,21.7880229949951,21.0273056030273,27.3786659240723,33.0056457519531,27.3970222473145,23.4746208190918,48.0030250549316,41.761100769043,9.35528182983398,12.2170267105103,15.7275638580322,37.9670028686523,8.28667259216309,12.0970916748047,3.04818415641785,2.13285136222839,2.69819331169128,7.00798511505127
276,21.0760974884033,20.7464962005615,21.1363296508789,27.8797912597656,32.2180786132812,26.8014907836914,22.85182762146,51.5846405029297,43.7077827453613,9.50128364562988,12.1732578277588,15.7346649169922,37.721565246582,8.86003589630127,12.3915395736694,2.8562388420105,2.11987328529358,2.75528812408447,7.25717830657959
278,21.2980918884277,19.9091205596924,21.2243824005127,28.4904403686523,31.1220149993896,26.6558990478516,22.0783653259277,54.6782493591309,45.596248626709,9.56195259094238,12.1568002700806,15.4292707443237,37.4590301513672,9.48443603515625,12.5696926116943,2.75071549415588,2.12365531921387,2.76867055892944,7.51684141159058
280,21.3190650939941,19.1236419677734,21.122034072876,29.117654800415,29.4831142425537,26.5037899017334,21.7452831268311,57.2498970031738,47.2602500915527,9.50003051757812,12.1848192214966,14.9367942810059,37.1779899597168,10.2107248306274,12.5962553024292,2.70272994041443,2.11346387863159,2.80135011672974,7.73512744903564
282,20.9010925292969,18.2235946655273,20.6580638885498,29.6490745544434,27.4396266937256,25.658712387085,22.0856704711914,59.4853439331055,48.5170288085938,9.22166633605957,11.8903121948242,14.4579877853394,36.8571510314941,11.0322570800781,12.5378561019897,2.6757550239563,2.11550211906433,2.8135244846344,7.95394134521484
284,20.0389823913574,17.2586307525635,19.8090019226074,29.9833374023438,25.5130195617676,23.9012050628662,23.0142650604248,61.4986114501953,49.1762275695801,8.67897891998291,11.2710285186768,14.1130704879761,36.4642295837402,11.9550437927246,12.5528879165649,2.66882395744324,2.13119626045227,2.82383346557617,8.1629695892334
286,19.0151462554932,16.4065399169922,18.7952899932861,30.0601196289062,23.9747180938721,21.5733337402344,24.2394123077393,62.9440002441406,49.0568237304688,8.03425025939941,10.719012260437,13.9584302902222,35.9777946472168,13.0259962081909,12.8319797515869,2.67250108718872,2.11940574645996,2.81589436531067,8.2609167098999
288,18.1462211608887,15.7510814666748,17.9555912017822,29.8343505859375,22.7265644073486,19.1800518035889,25.3999080657959,63.0360260009766,48.0705833435059,7.46789884567261,10.2612419128418,14.0080852508545,35.4318161010742,14.2587556838989,13.2924718856812,2.67703437805176,2.11271572113037,2.80246543884277,8.25442886352539
290,17.1685733795166,15.0447635650635,16.9872074127197,29.3185367584229,21.4959583282471,17.0559310913086,26.3022422790527,61.0583801269531,46.2923736572266,6.83696365356445,9.82444953918457,14.1320295333862,34.8754501342773,15.5902614593506,13.8045024871826,2.69983124732971,2.12097191810608,2.81593418121338,8.11385917663574
292,15.380952835083,13.8949766159058,15.2662200927734,28.548059463501,20.2103366851807,15.2638349533081,26.8729343414307,56.8974914550781,43.948543548584,5.93538570404053,9.07950496673584,14.1310777664185,34.296028137207,16.9533634185791,14.4344301223755,2.73382663726807,2.13389372825623,2.75781726837158,7.90868139266968
294,12.7440357208252,12.33802318573,12.7045640945435,27.5553073883057,18.9557933807373,13.7797603607178,27.0660343170166,51.2876625061035,41.3163833618164,4.91695642471313,8.21531581878662,13.9345636367798,33.6620864868164,18.426965713501,15.0197668075562,2.77225685119629,2.13701200485229,2.70277380943298,7.65497875213623
296,10.0133028030396,10.8211908340454,10.0758829116821,26.3928375244141,17.8960113525391,12.7150182723999,26.8888263702393,45.3509178161621,38.6510620117188,4.06794929504395,7.52528524398804,13.5418558120728,32.8768997192383,20.2489261627197,15.5096073150635,2.81685137748718,2.14641833305359,2.66968250274658,7.38679981231689
298,7.71286010742188,9.61372661590576,7.92461395263672,25.0537128448486,17.0553340911865,12.2295217514038,26.2433414459229,39.909351348877,36.0304222106934,3.4525511264801,6.83767127990723,12.9409208297729,31.8911876678467,22.6799068450928,15.9009704589844,2.86526036262512,2.15561413764954,2.62909698486328,7.15128326416016
300,6.01602458953857,8.77523326873779,6.29693937301636,23.6427688598633,16.4897689819336,12.2938985824585,25.1921272277832,35.6962089538574,33.609073638916,3.03713655471802,6.3176121711731,12.2358369827271,30.7579612731934,25.5311965942383,16.0759449005127,2.90208911895752,2.15134572982788,2.57870006561279,6.88204908370972
302,4.74925899505615,8.18798065185547,5.04037761688232,22.173698425293,16.0892810821533,12.4672746658325,23.8110103607178,32.4846076965332,31.2801208496094,2.74702858924866,5.87350797653198,11.3779201507568,29.5351829528809,28.6033000946045,16.0762405395508,2.94846129417419,2.1321873664856,2.53171539306641,6.49684524536133
304,3.83056616783142,7.78872442245483,4.09961557388306,20.7132301330566,15.5665225982666,12.2094211578369,22.2186279296875,30.0675888061523,29.0074710845947,2.55252051353455,5.46356821060181,10.2671775817871,28.3646907806396,31.5917835235596,15.9642925262451,2.99733543395996,2.14009284973145,2.4844651222229,6.01958036422729
306,3.18290114402771,7.52623701095581,3.4590847492218,19.2884464263916,14.7240524291992,11.3623418807983,20.3380947113037,28.1784152984619,26.7554874420166,2.42281794548035,5.16089487075806,8.89673614501953,27.2467517852783,34.4600448608398,15.6891098022461,3.02978610992432,2.13746547698975,2.45119476318359,5.43872880935669
308,2.77150177955627,7.36190748214722,3.07110524177551,18.016544342041,13.74782371521,10.4256181716919,18.1306648254395,26.6921081542969,24.7199783325195,2.34117698669434,4.89619874954224,7.4726996421814,26.099536895752,37.3745574951172,15.1851367950439,3.06699347496033,2.12278127670288,2.42134284973145,4.85415887832642
310,2.51358795166016,7.23265409469604,2.82582426071167,16.8893299102783,12.8488101959229,9.93564891815186,15.6944446563721,25.4271011352539,22.9196662902832,2.28805756568909,4.53917360305786,6.14581441879272,24.7074947357178,40.9781608581543,14.5952730178833,3.11967921257019,2.12302899360657,2.3772656917572,4.32539319992065
312,2.35499596595764,7.10865545272827,2.63785433769226,15.8998908996582,12.1154565811157,10.0174379348755,13.1601486206055,24.2541065216064,21.3752040863037,2.25559687614441,4.20154333114624,5.05335426330566,22.8833541870117,45.8341979980469,14.1291131973267,3.15773057937622,2.15125703811646,2.36010599136353,3.86100554466248
314,2.26521921157837,6.96982908248901,2.4939398765564,15.107213973999,11.5155963897705,10.1838130950928,10.9425344467163,23.2014484405518,20.18190574646,2.23647737503052,3.8257691860199,4.31657314300537,20.714729309082,51.5274925231934,13.9631938934326,3.189772605896,2.16252851486206,2.36773324012756,3.53465628623962
316,2.21073341369629,6.81992149353027,2.36693954467773,14.4752340316772,10.7438468933105,9.66018390655518,9.11267757415771,22.1564559936523,19.2583713531494,2.22402024269104,3.51926255226135,3.82523965835571,18.4325160980225,57.52880859375,14.1631994247437,3.22533392906189,2.14415097236633,2.35048079490662,3.34220695495605
318,2.17459273338318,6.65947771072388,2.28579473495483,14.0248880386353,9.75014305114746,8.17486095428467,7.79587316513062,21.1670475006104,18.6125602722168,2.21578073501587,3.31550121307373,3.52706122398376,16.5266132354736,62.4723472595215,14.5129528045654,3.23575401306152,2.10963487625122,2.32838249206543,3.22978258132935
320,2.14728498458862,6.47877740859985,2.18450999259949,13.6898584365845,8.4674596786499,6.19343948364258,6.85873603820801,20.2419414520264,18.1497383117676,2.20743346214294,3.05682587623596,3.37473297119141,15.1514120101929,65.9874572753906,14.942889213562,3.2519748210907,2.1062548160553,2.32563424110413,3.20058226585388
322,2.12787866592407,6.28688097000122,2.08371639251709,13.4603185653687,7.23915910720825,4.57567691802979,6.23697710037231,19.4462814331055,17.8262405395508,2.20058584213257,2.82839894294739,3.30183458328247,14.2948331832886,68.1694564819336,15.2759504318237,3.26496291160583,2.13474941253662,2.33261752128601,3.18922185897827
324,2.11010789871216,6.07986736297607,2.050297498703,13.2772798538208,6.18552494049072,3.54600214958191,5.80313110351562,18.7127246856689,17.5615978240967,2.19300222396851,2.55307817459106,3.2738025188446,13.4574193954468,70.3375473022461,15.5434970855713,3.25652003288269,2.13525414466858,2.3185977935791,3.13434934616089
326,2.09327149391174,5.89804553985596,2.02021026611328,13.129451751709,5.40853261947632,3.02997255325317,5.46886730194092,18.0039730072021,17.3212776184082,2.18305253982544,2.40923070907593,3.25930690765381,12.1584873199463,73.7639923095703,15.9336223602295,3.25498700141907,2.1332859992981,2.31031346321106,3.11057353019714
328,2.07666969299316,5.70052480697632,2.00292229652405,13.0063447952271,4.87080383300781,2.77327251434326,5.17724418640137,17.2749423980713,17.0530204772949,2.17300581932068,2.23992609977722,3.22880601882935,10.0110864639282,79.4224319458008,16.4556941986084,3.22851300239563,2.13943386077881,2.29562306404114,3.03927063941956
330,2.06195545196533,5.48628520965576,2,12.8982305526733,4.51214456558228,2.640949010849,4.94885730743408,16.6175804138184,16.7443828582764,2.16411209106445,2.0765585899353,3.21068000793457,7.20368242263794,86.7668685913086,17.1329689025879,3.1980037689209,2.13790035247803,2.30357551574707,2.95619535446167
332,2.05010938644409,5.29697132110596,2.05562782287598,12.7949028015137,4.30773735046387,2.56131315231323,4.74429273605347,16.0340805053711,16.4040069580078,2.15344572067261,2.06235098838806,3.180419921875,4.47089719772339,93.8321151733398,17.9747982025146,3.17104959487915,2.13283252716064,2.31286239624023,2.9112651348114
334,2.0395143032074,5.09921407699585,2.08396172523499,12.6955614089966,4.16202688217163,2.50171732902527,4.58186101913452,15.5000667572021,16.0184555053711,2.14523839950562,1.99999976158142,3.10285902023315,2.51958894729614,98.7943878173828,18.7974052429199,3.11795544624329,2.11581540107727,2.33253121376038,2.85880827903748
336,2.03350257873535,4.90625047683716,2.06746864318848,12.5894680023193,4.02923011779785,2.4565737247467,4.41031646728516,15.0120830535889,15.6183261871338,2.14238595962524,2.02508187294006,3.00250935554504,2,100,19.3468818664551,3.07287168502808,2.09545540809631,2.28575229644775,2.77404284477234
338,2.02561640739441,4.71608114242554,2.09380388259888,12.4664096832275,3.93119335174561,2.41952729225159,4.23559999465942,14.5264978408813,15.2111959457397,2.1400294303894,2.20482349395752,2.9146032333374,2.8652355670929,97.5647659301758,19.3890132904053,3.02744197845459,2.09831190109253,2.25098156929016,2.72916221618652
340,2.0168719291687,4.52985668182373,2.17449259757996,12.3263349533081,3.8477668762207,2.3874146938324,4.08936595916748,14.0011682510376,14.8143510818481,2.13672637939453,2.27967429161072,2.824782371521,4.49201774597168,93.2034149169922,19.0394992828369,2.98515868186951,2.10291218757629,2.29076409339905,2.73536992073059
342,2.0130660533905,4.36369514465332,2.24493026733398,12.1587724685669,3.74358177185059,2.35984253883362,3.9296715259552,13.3305702209473,14.412296295166,2.13411688804626,2.48089408874512,2.73969674110413,6.16461372375488,88.8329544067383,18.5214500427246,2.94798398017883,2.10646533966064,2.30561351776123,2.6777606010437
344,2.00945496559143,4.20568656921387,2.31700444221497,11.9531583786011,3.69036054611206,2.3338885307312,3.7769889831543,12.5235967636108,14.0021314620972,2.13057780265808,2.81175374984741,2.67381477355957,7.09741640090942,86.4746704101562,17.9879035949707,2.89913368225098,2.1021454334259,2.30405354499817,2.6349573135376
346,2.00702929496765,4.04585361480713,2.37415170669556,11.7220191955566,3.61160922050476,2.31134176254272,3.62289190292358,11.6239814758301,13.5767984390259,2.12831258773804,2.95933032035828,2.62754964828491,6.9306583404541,87.0211029052734,17.6877899169922,2.83665108680725,2.07560515403748,2.3149733543396,2.55588865280151
348,2.0027437210083,3.89986395835876,2.42335033416748,11.4596452713013,3.56146216392517,2.29229545593262,3.45823693275452,10.6598787307739,13.1368064880371,2.12602066993713,3.04049324989319,2.58275198936462,5.88559675216675,89.8100814819336,17.6700439453125,2.77540016174316,2.07302451133728,2.29640650749207,2.42974615097046
350,2,3.76828813552856,2.4702582359314,11.1659240722656,3.59490156173706,2.27460503578186,3.25861430168152,9.67838191986084,12.6860685348511,2.12065577507019,3.08547019958496,2.55535817146301,4.70049428939819,92.8514556884766,17.8987216949463,2.72747135162354,2.09617066383362,2.2820680141449,2.34288692474365
352,2.00344657897949,3.63774037361145,2.48297572135925,10.8472747802734,3.64884352684021,2.25961685180664,3.07943344116211,8.73557472229004,12.2235593795776,2.1165611743927,3.02161908149719,2.54044222831726,4.35622787475586,93.6427993774414,18.0432796478271,2.68209838867188,2.12119626998901,2.30481028556824,2.22656321525574
354,2.00646376609802,3.51896739006042,2.45005965232849,10.5132646560669,3.66876935958862,2.24716663360596,2.93576526641846,7.89932203292847,11.7553091049194,2.11122345924377,3.00847387313843,2.51991605758667,5.53059768676758,90.407096862793,17.8628215789795,2.63080549240112,2.11081767082214,2.31225156784058,2.16797256469727
356,2.00756239891052,3.41286039352417,2.54732346534729,10.1520471572876,3.65825009346008,2.23668050765991,2.79329133033752,7.15291833877563,11.2937469482422,2.11120533943176,3.07524156570435,2.51160001754761,8.355055809021,82.9236602783203,17.1469326019287,2.58528614044189,2.09930777549744,2.30540776252747,2.15512013435364
358,2.01048564910889,3.30150628089905,2.72134852409363,9.76108360290527,3.63928461074829,2.2275378704071,2.63487076759338,6.53744792938232,10.8374738693237,2.11681532859802,3.2572124004364,2.49201011657715,12.2949266433716,72.5154571533203,15.9833889007568,2.54758977890015,2.10242605209351,2.28028893470764,2.16432046890259
360,2.01473236083984,3.24058151245117,2.72416543960571,9.37381267547607,3.64251899719238,2.22195076942444,2.54549765586853,6.05167293548584,10.3847894668579,2.12283444404602,3.50045108795166,2.47733092308044,16.6489086151123,61.109302520752,14.5436925888062,2.51169443130493,2.08930778503418,2.26166248321533,2.18560671806335
362,2.02460908889771,3.17746829986572,2.64683151245117,8.97601413726807,3.60023331642151,2.21455383300781,2.49523830413818,5.67135190963745,9.92043876647949,2.12940192222595,3.68919229507446,2.44107866287231,20.8649559020996,50.1416320800781,13.1079769134521,2.47046399116516,2.09969115257263,2.25951170921326,2.18604373931885
364,2.0341317653656,3.07195663452148,2.72932028770447,8.53647899627686,3.56231880187988,2.20258808135986,2.45309948921204,5.34020566940308,9.42846775054932,2.13069701194763,3.86837148666382,2.39391541481018,24.7661514282227,39.9134330749512,11.7058696746826,2.43608975410461,2.11184620857239,2.28149056434631,2.18782448768616
366,2.0325493812561,3.00187277793884,2.75185656547546,8.12042140960693,3.52148222923279,2.18847703933716,2.43995141983032,5.15590858459473,8.98103618621826,2.12793731689453,3.96728348731995,2.32903861999512,27.945650100708,31.5396957397461,10.3994827270508,2.40292644500732,2.06874203681946,2.28565263748169,2.21251535415649
368,2.01973176002502,2.95376372337341,2.7264096736908,7.7223482131958,3.45389890670776,2.16842246055603,2.3818838596344,5.10319995880127,8.56797790527344,2.11905980110168,4.13165092468262,2.25911712646484,30.6056861877441,24.7783679962158,9.41756629943848,2.34414482116699,2.05381464958191,2.30204892158508,2.20245766639709
370,2.0123553276062,2.88436150550842,2.79861235618591,7.30586624145508,3.44513273239136,2.14795660972595,2.34586882591248,5.07914209365845,8.16031646728516,2.11180734634399,4.19129419326782,2.24106359481812,32.894474029541,19.0033473968506,8.55907249450684,2.29411649703979,2.09524965286255,2.30100655555725,2.17775845527649
372,2.01190280914307,2.80952787399292,2.83718585968018,6.88976097106934,3.45322632789612,2.13597559928894,2.33645629882812,5.0849928855896,7.77408266067505,2.1132435798645,4.41111707687378,2.23135662078857,34.7514114379883,14.1245651245117,7.76858377456665,2.26653003692627,2.11031270027161,2.26512742042542,2.16760993003845
374,2.01569747924805,2.76642847061157,2.9075767993927,6.49671506881714,3.47279214859009,2.13134360313416,2.30042910575867,5.10715866088867,7.43176937103271,2.11319994926453,4.57485961914062,2.20593476295471,36.1499061584473,10.5819492340088,7.17811441421509,2.24196457862854,2.12647438049316,2.22753572463989,2.2004542350769
376,2.02943968772888,2.73205304145813,2.90506362915039,6.12152528762817,3.52370762825012,2.12798047065735,2.34403777122498,5.14518404006958,7.13003873825073,2.11512684822083,4.59742116928101,2.17310667037964,37.1283264160156,8.11217975616455,6.79859161376953,2.22509956359863,2.13194441795349,2.24048662185669,2.18206167221069
378,2.04081511497498,2.71356344223022,2.84183812141418,5.75590133666992,3.54545903205872,2.12390995025635,2.38456010818481,5.2149133682251,6.86644315719604,2.1142897605896,4.73362302780151,2.15303897857666,37.7858695983887,6.43274736404419,6.50965690612793,2.20476913452148,2.10589027404785,2.2647225856781,2.15475749969482
380,2.04339528083801,2.69278526306152,2.85159850120544,5.42198848724365,3.54943776130676,2.12106227874756,2.35328507423401,5.26546907424927,6.64993762969971,2.11310911178589,4.86384630203247,2.19143152236938,38.2285957336426,5.34419345855713,6.27906560897827,2.19882535934448,2.09791445732117,2.24906992912292,2.13986039161682
382,2.04815626144409,2.66524004936218,2.83765339851379,5.11336803436279,3.62834906578064,2.11799383163452,2.36378765106201,5.29542922973633,6.46565961837769,2.11669778823853,4.97992420196533,2.21601247787476,38.5045127868652,4.57135343551636,6.09946441650391,2.18868231773376,2.106778383255,2.25398874282837,2.12198734283447
384,2.05243110656738,2.64144444465637,2.89622688293457,4.82635879516602,3.72606563568115,2.11491513252258,2.33945107460022,5.2924017906189,6.33219528198242,2.11653089523315,5.07433652877808,2.18846964836121,38.7075309753418,4.03557825088501,6.01614618301392,2.18017077445984,2.09456729888916,2.28522777557373,2.13791489601135
386,2.05806446075439,2.61409616470337,2.94468927383423,4.53671264648438,3.79181551933289,2.11198163032532,2.3187153339386,5.28710794448853,6.25260496139526,2.11853218078613,5.31490850448608,2.18192315101624,38.9015693664551,3.60932064056396,5.94118070602417,2.1781370639801,2.08645129203796,2.29501247406006,2.14786553382874
388,2.06205010414124,2.60384774208069,2.97697401046753,4.2806601524353,3.91772794723511,2.10802674293518,2.34375619888306,5.26121425628662,6.20941162109375,2.12514686584473,5.49725437164307,2.19509267807007,39.0339622497559,3.27109384536743,5.837486743927,2.16155219078064,2.08970975875854,2.24972701072693,2.14127850532532
390,2.06389141082764,2.589923620224,2.99328017234802,4.04905891418457,4.00249099731445,2.10229849815369,2.34563016891479,5.1989312171936,6.21184825897217,2.12558078765869,5.51775360107422,2.19507741928101,39.1163558959961,2.98034238815308,5.77779293060303,2.14647364616394,2.08685326576233,2.24002194404602,2.14573836326599
392,2.06939363479614,2.57226514816284,3.02457141876221,3.83411169052124,4.00596570968628,2.09882164001465,2.3657534122467,5.14220714569092,6.25895500183105,2.12645173072815,5.63789367675781,2.17768502235413,39.2083854675293,2.7712197303772,5.83098983764648,2.13126373291016,2.07654476165771,2.25416803359985,2.13880515098572
394,2.07778716087341,2.56328558921814,3.060222864151,3.64509057998657,4.07671117782593,2.09618091583252,2.38121652603149,5.07882976531982,6.3266429901123,2.13128876686096,5.68816232681274,2.18565702438354,39.3041076660156,2.65162134170532,5.87930727005005,2.12871980667114,2.06304788589478,2.26996660232544,2.11187195777893
396,2.08397388458252,2.53388929367065,3.0965051651001,3.46570944786072,4.17951917648315,2.09091925621033,2.37043213844299,4.98434686660767,6.41642618179321,2.13784527778625,5.63853931427002,2.19320106506348,39.3666610717773,2.56515049934387,5.82321357727051,2.12518882751465,2.07345938682556,2.25913977622986,2.12001705169678
398,2.08590865135193,2.52079653739929,3.16746878623962,3.30508732795715,4.25739765167236,2.08709716796875,2.3929009437561,4.87945079803467,6.51537847518921,2.13921308517456,5.60785341262817,2.15760970115662,39.4092864990234,2.51291918754578,5.78677845001221,2.12035441398621,2.08365082740784,2.20821857452393,2.14439463615417
400,2.0887656211853,2.51032304763794,3.17164182662964,3.16477274894714,4.39007472991943,2.08530211448669,2.41304874420166,4.76098108291626,6.62688255310059,2.13718199729919,5.64353942871094,2.13448476791382,39.4374580383301,2.46946930885315,5.75941371917725,2.10527896881104,2.06924700737,2.21314430236816,2.14798903465271
402,2.09024095535278,2.48708367347717,3.14759755134583,3.03319191932678,4.48886394500732,2.0815532207489,2.41208720207214,4.62445735931396,6.7679386138916,2.14268255233765,5.66678810119629,2.12277507781982,39.4444541931152,2.42947912216187,5.74350929260254,2.09591436386108,2.05858778953552,2.22896289825439,2.16796445846558
404,2.09711527824402,2.4869384765625,3.11491537094116,2.91538882255554,4.53278303146362,2.07775068283081,2.4253089427948,4.53605556488037,6.92443370819092,2.14666533470154,5.60168695449829,2.10329985618591,39.4486999511719,2.40908551216125,5.67951250076294,2.09712529182434,2.08713388442993,2.25586724281311,2.16350436210632
406,2.10440969467163,2.48037052154541,3.15307974815369,2.81506633758545,4.61899518966675,2.07518744468689,2.40563869476318,4.44577646255493,7.09005165100098,2.14730191230774,5.50487899780273,2.10546684265137,39.4797286987305,2.40972399711609,5.60475826263428,2.08773684501648,2.10031747817993,2.27665138244629,2.11242413520813
408,2.10352730751038,2.46198892593384,3.22084069252014,2.7197470664978,4.71725606918335,2.07166385650635,2.4300365447998,4.33296298980713,7.28011083602905,2.14297437667847,5.49889993667603,2.09544253349304,39.5012245178223,2.4091203212738,5.66082382202148,2.09552359580994,2.06534337997437,2.27831077575684,2.10574650764465
410,2.10665965080261,2.44430446624756,3.23969483375549,2.63713765144348,4.82891035079956,2.0689902305603,2.44697546958923,4.22096824645996,7.48663997650146,2.13221597671509,5.56181383132935,2.06248450279236,39.5443687438965,2.40660095214844,5.70222282409668,2.11785531044006,2.04226732254028,2.25705552101135,2.13170695304871
412,2.11084604263306,2.42495107650757,3.18135523796082,2.56759572029114,4.95440626144409,2.06641149520874,2.43431115150452,4.11516714096069,7.69598913192749,2.12242960929871,5.53335666656494,2.06309962272644,39.5460319519043,2.41647219657898,5.7418360710144,2.10178065299988,2.05352020263672,2.23177075386047,2.11968731880188
414,2.11221718788147,2.41743469238281,3.13831663131714,2.49706983566284,5.04385280609131,2.06343817710876,2.46138525009155,4.02727651596069,7.9017128944397,2.11380696296692,5.57583427429199,2.06634044647217,39.5318412780762,2.40425634384155,5.69656991958618,2.08953523635864,2.08296823501587,2.23061585426331,2.07748579978943
416,2.11447381973267,2.41131258010864,3.24122619628906,2.43096685409546,5.11358165740967,2.06069493293762,2.44302558898926,3.92967844009399,8.1087646484375,2.10723280906677,5.6474142074585,2.05303335189819,39.5627021789551,2.38819599151611,5.65550851821899,2.09603667259216,2.08969116210938,2.25116086006165,2.06718897819519
418,2.11696720123291,2.40065717697144,3.36237049102783,2.37404251098633,5.23184061050415,2.05663061141968,2.43551135063171,3.82531428337097,8.31033897399902,2.10324597358704,5.6135196685791,2.04979252815247,39.5697059631348,2.4128725528717,5.76779460906982,2.09164667129517,2.07915806770325,2.25225615501404,2.09046196937561
420,2.12362790107727,2.38265895843506,3.37142944335938,2.3264844417572,5.33918809890747,2.05553936958313,2.48709344863892,3.74990272521973,8.47696304321289,2.10223460197449,5.51919078826904,2.04960536956787,39.5757522583008,2.42127585411072,5.69385576248169,2.07765960693359,2.07170152664185,2.25078248977661,2.12157511711121
422,2.13056540489197,2.37457990646362,3.2712082862854,2.27405476570129,5.42877054214478,2.05540871620178,2.49285626411438,3.68917965888977,8.60348224639893,2.09963726997375,5.42742443084717,2.03271746635437,39.5640525817871,2.40228009223938,5.54877710342407,2.05628538131714,2.06630182266235,2.29093670845032,2.14827752113342
424,2.13141536712646,2.3818838596344,3.27331233024597,2.21857309341431,5.54375505447388,2.05174112319946,2.4683358669281,3.61046409606934,8.70475101470947,2.09638857841492,5.41155004501343,2.01307010650635,39.5644493103027,2.40787816047668,5.57489013671875,2.04937219619751,2.07835412025452,2.2510678768158,2.12202858924866
426,2.13104367256165,2.38490605354309,3.35737919807434,2.16188955307007,5.68292474746704,2.04886317253113,2.46464920043945,3.54972052574158,8.78708934783936,2.09499907493591,5.45863103866577,2.03214025497437,39.5862998962402,2.40755724906921,5.68269062042236,2.07918047904968,2.10265040397644,2.23342370986938,2.10037970542908
428,2.13349199295044,2.37461447715759,3.40699887275696,2.11903285980225,5.78417158126831,2.04677653312683,2.46129322052002,3.49965071678162,8.84937191009521,2.09337115287781,5.47540140151978,2.03770852088928,39.5682678222656,2.39823246002197,5.75058269500732,2.09172415733337,2.08093476295471,2.24101781845093,2.12079191207886
430,2.1339259147644,2.32709002494812,3.4319429397583,2.11549544334412,5.78124189376831,2.04553437232971,2.48427033424377,3.470703125,8.88596534729004,2.09031438827515,5.51383686065674,2.02083969116211,39.5501861572266,2.40736985206604,5.70596361160278,2.0858907699585,2.06052327156067,2.24794793128967,2.14591979980469
432,2.13178420066833,2.26519560813904,3.493497133255,2.11699652671814,5.77768707275391,2.04595303535461,2.48343133926392,3.4486346244812,8.91459083557129,2.08710861206055,5.5820837020874,2.014319896698,39.5653915405273,2.40750956535339,5.66778469085693,2.07588219642639,2.05414652824402,2.28849387168884,2.14051175117493
434,2.13174414634705,2.27501082420349,3.49908423423767,2.10199856758118,5.88344144821167,2.04268097877502,2.47186946868896,3.40769910812378,8.93219661712646,2.08890557289124,5.63876867294312,2.00565600395203,39.6056022644043,2.41997337341309,5.68811845779419,2.06072902679443,2.04169225692749,2.28698682785034,2.08931612968445
436,2.13264322280884,2.30928874015808,3.38006734848022,2.06396341323853,5.98048543930054,2.03994202613831,2.47165513038635,3.36663556098938,8.92900657653809,2.08929038047791,5.70053672790527,2.0077006816864,39.6295585632324,2.44659090042114,5.70859289169312,2.06518149375916,2.07523584365845,2.25116753578186,2.09580421447754
438,2.13373589515686,2.31933999061584,3.35721564292908,2.01909971237183,6.00442218780518,2.03819680213928,2.46915650367737,3.31541514396667,8.91579246520996,2.09110903739929,5.64601850509644,2.01381921768188,39.6139793395996,2.43650698661804,5.71340227127075,2.07631468772888,2.07598853111267,2.20094323158264,2.13437819480896
440,2.13344812393188,2.31265926361084,3.41892147064209,2,6.0270299911499,2.03900241851807,2.47506618499756,3.30255746841431,8.87305641174316,2.09434056282043,5.84553003311157,2.02004861831665,39.6031494140625,2.41024518013,5.73261117935181,2.06480574607849,2.05059361457825,2.22612166404724,2.12303423881531
442,2.12922048568726,2.26920032501221,3.40512847900391,2.03310132026672,5.99961090087891,2.04159331321716,2.46701312065125,3.31693911552429,8.79797840118408,2.08887457847595,5.95317077636719,2.00861024856567,39.6057052612305,2.40940642356873,5.73798274993896,2.0571174621582,2.04562854766846,2.26166248321533,2.10477375984192
444,2.13167524337769,2.25538659095764,3.43518090248108,2.06455588340759,5.94553279876709,2.03890752792358,2.47866082191467,3.30536532402039,8.69241523742676,2.08791851997375,5.90042304992676,2,39.5949516296387,2.4168598651886,5.73367977142334,2.08709263801575,2.06452512741089,2.23604583740234,2.12128663063049
446,2.13643860816956,2.29741668701172,3.46274352073669,2.04046535491943,5.95167303085327,2.03357529640198,2.51922583580017,3.29340791702271,8.54677677154541,2.09188055992126,5.97269058227539,2.00399374961853,39.5936584472656,2.42357301712036,5.72362565994263,2.10419034957886,2.08330035209656,2.23159170150757,2.15873098373413
448,2.13641119003296,2.33076810836792,3.45343899726868,2.02183651924133,5.97332811355591,2.03097224235535,2.53187203407288,3.29911041259766,8.34653854370117,2.09141635894775,6.06406164169312,2.00523948669434,39.5787696838379,2.43642425537109,5.73387670516968,2.09004807472229,2.04876565933228,2.26238584518433,2.16744518280029
450,2.13492631912231,2.30662798881531,3.40787553787231,2.04532718658447,5.9167046546936,2.03421449661255,2.5215163230896,3.27179956436157,8.1126070022583,2.09183692932129,6.04770803451538,2.01636815071106,39.5820274353027,2.42636561393738,5.69360303878784,2.07051706314087,2.04336595535278,2.2402012348175,2.15743684768677
452,2.12680578231812,2.28609251976013,3.38552618026733,2.08189177513123,5.76880073547363,2.03605628013611,2.53403377532959,3.24800229072571,7.85551071166992,2.09286403656006,5.99337720870972,2.01648664474487,39.5901527404785,2.42043709754944,5.64501810073853,2.06453728675842,2.06381464004517,2.22695827484131,2.18737101554871
454,2.1274151802063,2.29347896575928,3.41805648803711,2.10412359237671,5.64015865325928,2.03265810012817,2.55051326751709,3.23038339614868,7.55351161956787,2.09192585945129,6.14287042617798,2.01307392120361,39.5925483703613,2.41893124580383,5.62693405151367,2.08704805374146,2.06844758987427,2.25709533691406,2.12264680862427
456,2.1380832195282,2.30901384353638,3.3891966342926,2.10677647590637,5.58164596557617,2.03120994567871,2.56435346603394,3.23776340484619,7.22862434387207,2.09393572807312,6.23774099349976,2.0263352394104,39.5901718139648,2.41237688064575,5.53436326980591,2.09582495689392,2.09482908248901,2.23260068893433,2.04323172569275
458,2.13765215873718,2.33249568939209,3.3838312625885,2.11978816986084,5.51198101043701,2.03310990333557,2.55825996398926,3.24791550636292,6.91718244552612,2.09828948974609,6.31292486190796,2.03439879417419,39.560791015625,2.42599701881409,5.58369302749634,2.08640384674072,2.09033632278442,2.22783446311951,2.09405636787415
460,2.13684725761414,2.29330801963806,3.32827377319336,2.18266177177429,5.38843059539795,2.03264760971069,2.51531887054443,3.16400361061096,6.60677814483643,2.09981870651245,6.46189737319946,2.06554555892944,39.5411949157715,2.42353796958923,5.67447853088379,2.0810923576355,2.09646987915039,2.27142715454102,2.06000852584839
462,2.18907046318054,2.07635569572449,2.69787693023682,2.40162897109985,5.54264259338379,2.01338696479797,2.1717586517334,2.40752458572388,6.13631868362427,2.03715395927429,6.80002737045288,2.85548186302185,39.5268440246582,2.1510705947876,3.4010808467865,2.20749187469482,2.34102249145508,2.3223283290863,2.48274731636047
464,2.21492290496826,2,2.40032315254211,2.52876043319702,5.64250421524048,2,2,2,5.71095132827759,2,7.04270362854004,3.31827545166016,39.5287132263184,2,1.99999988079071,2.31113648414612,2.44069480895996,2.33494091033936,2.83819818496704
466,2.16183280944824,2.23334884643555,2.98390555381775,2.39301204681396,5.24884462356567,2.01505756378174,2.36389780044556,2.71967101097107,5.51986074447632,2.06179332733154,6.84100484848022,2.564786195755,39.5292892456055,2.25177812576294,4.26138830184937,2.16246199607849,2.20273876190186,2.28212118148804,2.40432167053223
468,2.12469840049744,2.39403939247131,3.25144219398499,2.31494951248169,4.87109994888306,2.02643775939941,2.59922933578491,3.18446636199951,5.28576374053955,2.10504984855652,6.79038190841675,2.05720663070679,39.5262413024902,2.41758418083191,5.75515270233154,2.04456186294556,2.09592771530151,2.1932430267334,2.16155886650085
470,2.12658524513245,2.42749238014221,3.12828755378723,2.34863233566284,4.68623447418213,2.02990937232971,2.52117943763733,3.19657206535339,4.93883037567139,2.10824704170227,6.92116737365723,2.07256984710693,39.5170440673828,2.4347562789917,5.63808536529541,2.05913949012756,2.10350584983826,2.15122365951538,2.20767617225647
472,2.13177037239075,2.41914701461792,3.19407296180725,2.40969228744507,4.52483320236206,2.0334804058075,2.47137331962585,3.18424654006958,4.59444856643677,2.10884499549866,6.85260820388794,2.10310506820679,39.5356559753418,2.43868637084961,5.55279874801636,2.06489539146423,2.08763885498047,2.22082448005676,2.13904428482056
474,2.13116216659546,2.42059111595154,3.17494988441467,2.4587562084198,4.36845970153809,2.02986884117126,2.49846577644348,3.1797661781311,4.29688119888306,2.11230301856995,6.9486870765686,2.11213946342468,39.5327224731445,2.42133641242981,5.52218532562256,2.07008147239685,2.08607268333435,2.23469161987305,2.16202044487
476,2.1327428817749,2.4640519618988,3.0538055896759,2.49482941627502,4.13148546218872,2.0305061340332,2.54569983482361,3.19677662849426,4.0206880569458,2.11326837539673,7.27329730987549,2.1107292175293,39.4956283569336,2.41652941703796,5.58197736740112,2.07559275627136,2.08756852149963,2.22136878967285,2.16892075538635
478,2.13036918640137,2.47441506385803,3.05358338356018,2.57232761383057,3.9066801071167,2.03049993515015,2.57294535636902,3.19878149032593,3.74408102035522,2.11482191085815,7.25290203094482,2.13915109634399,39.468391418457,2.42822432518005,5.66334104537964,2.0621485710144,2.09030342102051,2.28342890739441,2.09732937812805
480,2.13519597053528,2.5032331943512,2.97640132904053,2.61085772514343,3.78867745399475,2.02575421333313,2.531902551651,3.2053279876709,3.48780822753906,2.12042641639709,7.17082262039185,2.13347196578979,39.4415321350098,2.41325068473816,5.67809247970581,2.0512273311615,2.04479646682739,2.2560133934021,2.0921356678009
482,2.13118267059326,2.60253167152405,2.78704023361206,2.65169882774353,3.53102493286133,2.01999115943909,2.47597241401672,3.24568557739258,3.23599624633789,2.11764311790466,7.28554630279541,2.13891792297363,39.435188293457,2.4208025932312,5.67989206314087,2.06664896011353,2.09939193725586,2.11185932159424,2.13175654411316
484,2.111652135849,2.71381449699402,2.47550654411316,2.68913197517395,3.33329439163208,2.01157355308533,2.45790672302246,3.2929630279541,3.0315055847168,2.1181800365448,7.32791948318481,2.14416885375977,39.4129981994629,2.43275785446167,5.66789722442627,2.07862591743469,2.18584775924683,2,2.11958003044128
486,2.1231575012207,2.70772480964661,2.55326128005981,2.64463543891907,3.45831799507141,2.00699329376221,2.45023345947266,3.26717615127563,2.9147801399231,2.11862421035767,7.50274467468262,2.13011264801025,39.3930778503418,2.41709804534912,5.63766384124756,2.07100605964661,2.12292146682739,2.0871787071228,2.12192130088806
488,2.14020824432373,2.62425994873047,2.80919098854065,2.66217923164368,3.43107485771179,2.01305079460144,2.46488809585571,3.23667907714844,2.80867004394531,2.11423420906067,7.54855537414551,2.15611553192139,39.3980026245117,2.41621160507202,5.6397590637207,2.06487131118774,2.05036902427673,2.20943999290466,2.12757682800293
490,2.13792634010315,2.58738207817078,2.82471370697021,2.78587198257446,2.99746704101562,2.026207447052,2.48491954803467,3.24325609207153,2.63834047317505,2.11140990257263,7.49682855606079,2.16894865036011,39.3813629150391,2.44015431404114,5.62337636947632,2.07678270339966,2.05642795562744,2.21001100540161,2.13054466247559
492,2.13699889183044,2.60075426101685,2.84843063354492,2.82557106018066,2.83282351493835,2.02839112281799,2.47610092163086,3.24958777427673,2.51826405525208,2.11489319801331,7.51103591918945,2.13552808761597,39.3641700744629,2.43765711784363,5.63614511489868,2.07574796676636,2.0565869808197,2.2485454082489,2.15443587303162
494,2.1318461894989,2.56987309455872,2.8271918296814,2.85483121871948,2.75977230072021,2.02784562110901,2.45976853370667,3.26168847084045,2.42668843269348,2.12013840675354,7.42718601226807,2.15748357772827,39.3452987670898,2.41193842887878,5.66861438751221,2.05684900283813,2.05334711074829,2.24585700035095,2.1136360168457
496,2.12967896461487,2.5916166305542,2.78358030319214,2.86270236968994,2.6722309589386,2.02712988853455,2.44222950935364,3.21661019325256,2.35400032997131,2.11754631996155,7.5693039894104,2.17627859115601,39.3349685668945,2.405428647995,5.60629081726074,2.05357432365417,2.0543897151947,2.23911929130554,2.12182235717773
498,2.13408255577087,2.57513570785522,2.9291079044342,2.90445828437805,2.48645281791687,2.028559923172,2.46520042419434,3.2166919708252,2.29552316665649,2.11482548713684,7.57486629486084,2.17296147346497,39.365364074707,2.41873121261597,5.58826351165771,2.07690501213074,2.06113123893738,2.30135846138,2.17926692962646
500,2.12915968894958,2.5800347328186,2.82495927810669,2.91567468643188,2.41100001335144,2.02378821372986,2.48150849342346,3.26830124855042,2.24100756645203,2.11660289764404,7.4736213684082,2.16038799285889,39.3301239013672,2.42017674446106,5.69088888168335,2.08558058738708,2.07805943489075,2.2516918182373,2.17585396766663
502,2.12993717193604,2.65096735954285,2.66538166999817,2.88604712486267,2.451500415802,2.0253381729126,2.49610805511475,3.26403093338013,2.20045638084412,2.11937952041626,7.56420040130615,2.15742635726929,39.3195877075195,2.42452931404114,5.67762804031372,2.07068109512329,2.09895706176758,2.20708346366882,2.15229249000549
504,2.13305020332336,2.60358166694641,2.81269764900208,2.93727993965149,2.39147424697876,2.02786302566528,2.51876664161682,3.2907075881958,2.1750853061676,2.11489510536194,7.68702793121338,2.17652702331543,39.3247108459473,2.43711066246033,5.60031461715698,2.06283760070801,2.09517955780029,2.26303648948669,2.18439483642578
506,2.1318564414978,2.62873244285583,2.79821491241455,2.92406535148621,2.4032666683197,2.02213168144226,2.50551438331604,3.29175591468811,2.14519166946411,2.11229085922241,7.54397201538086,2.20024824142456,39.2952117919922,2.41599869728088,5.62585163116455,2.07659196853638,2.06741905212402,2.22247743606567,2.23346352577209
508,2.140061378479,2.67882657051086,2.69183373451233,2.91500926017761,2.34976506233215,2.02856826782227,2.5100462436676,3.28507137298584,2.12084412574768,2.1162736415863,7.37437582015991,2.19302892684937,39.325023651123,2.41202116012573,5.67198944091797,2.05471658706665,2.07379126548767,2.18345832824707,2.18550777435303
510,2.13372397422791,2.60793280601501,2.70500731468201,2.9657895565033,2.34248805046082,2.02667593955994,2.47469258308411,3.29024219512939,2.10819315910339,2.12042093276978,7.60178184509277,2.18153715133667,39.3671417236328,2.4253363609314,5.67904853820801,2.03803062438965,2.08260369300842,2.213303565979,2.15837669372559
512,2.13106465339661,2.66731190681458,2.72589540481567,2.92407011985779,2.34374499320984,2.02220320701599,2.4066002368927,3.28841614723206,2.092041015625,2.11933398246765,7.71894311904907,2.16411805152893,39.3498077392578,2.42680406570435,5.70535898208618,2.05760645866394,2.09510946273804,2.17550587654114,2.14324045181274
514,2.13257646560669,2.65800738334656,2.80168652534485,2.95920896530151,2.25196862220764,2.02771210670471,2.4220142364502,3.26869511604309,2.07545208930969,2.11992597579956,7.55486726760864,2.17713069915771,39.3332977294922,2.45474672317505,5.77962112426758,2.0679612159729,2.1141791343689,2.2209107875824,2.09204483032227
516,2.12452173233032,2.6527988910675,2.8580858707428,2.94994020462036,2.33187246322632,2.02514886856079,2.42702984809875,3.21571016311646,2.06034827232361,2.12656164169312,7.70200634002686,2.19568133354187,39.317699432373,2.44139647483826,5.78188514709473,2.06647300720215,2.05614757537842,2.23710131645203,2.13547468185425
518,2.1390528678894,2.6965217590332,2.80297231674194,2.92881512641907,2.20764946937561,2.02882552146912,2.43956542015076,3.20972633361816,2.04323387145996,2.11816120147705,7.85429096221924,2.16106820106506,39.2977104187012,2.41779708862305,5.63749504089355,2.0718948841095,2.03744721412659,2.27657175064087,2.16541695594788
520,2.14033842086792,2.62062311172485,2.7869234085083,2.98526501655579,2.12937068939209,2.02622103691101,2.45077848434448,3.23925161361694,2.04248285293579,2.12019515037537,7.87572765350342,2.16320466995239,39.2965316772461,2.40854215621948,5.54893159866333,2.07508277893066,2.08347320556641,2.30456471443176,2.09225106239319
522,2.13320469856262,2.65619325637817,2.82659578323364,2.94337773323059,2.24142527580261,2.02402210235596,2.42692565917969,3.26535558700562,2.04839062690735,2.12307167053223,7.71331834793091,2.13519930839539,39.3071632385254,2.38393568992615,5.53927087783813,2.01928663253784,2.04178094863892,2.21890616416931,2.08302593231201
524,2.12899017333984,2.62024641036987,2.81868243217468,2.9598536491394,2.20470356941223,2.02426695823669,2.46305704116821,3.24361419677734,2.03723478317261,2.11627721786499,7.39652061462402,2.08725261688232,39.3370666503906,2.42281365394592,5.53585386276245,2,2.05318808555603,2.31215882301331,2.04807114601135
526,2.11841464042664,2.65058422088623,2.7579231262207,2.92292547225952,2.27184653282166,2.01986813545227,2.45344233512878,3.20678544044495,2.02323246002197,2.12509369850159,7.5270562171936,2.1283700466156,39.3681335449219,2.43901681900024,5.55101299285889,2.01519799232483,2.06173896789551,2.31998515129089,2.07666969299316
528,2.12431645393372,2.67886781692505,2.70524096488953,2.93647837638855,2.28624057769775,2.02103805541992,2.47956728935242,3.25617003440857,2.02697610855103,2.12977337837219,7.55853366851807,2.18613076210022,39.3633766174316,2.42742991447449,5.53283023834229,2.00461077690125,2.05757808685303,2.25211000442505,2.10934925079346
530,2.12231159210205,2.59546780586243,2.67112112045288,2.98842406272888,2.27928376197815,2.01652717590332,2.4877610206604,3.32282590866089,2.02495145797729,2.12561821937561,7.50124502182007,2.16998052597046,39.344409942627,2.42628312110901,5.61860942840576,2.03096532821655,2.15129446983337,2.25679659843445,2.10486435890198
532,2.12984085083008,2.64943051338196,2.73356342315674,2.97794246673584,2.2021815776825,2.02175903320312,2.41035413742065,3.27763509750366,2.02110123634338,2.1187379360199,7.62234354019165,2.11284637451172,39.3329467773438,2.39194822311401,5.65542411804199,2.07907032966614,2.1531035900116,2.29454112052917,2.06893682479858
534,2.13362073898315,2.66347360610962,2.7968122959137,2.97684526443481,2.224365234375,2.02366971969604,2.40681457519531,3.28592562675476,2.02198815345764,2.11913728713989,7.66023731231689,2.14858293533325,39.3712196350098,2.41797494888306,5.60010385513306,2.08164691925049,2.10858774185181,2.22996520996094,2.02460861206055
536,2.12835574150085,2.67964696884155,2.73856616020203,2.92400431632996,2.22528576850891,2.02446150779724,2.4571840763092,3.31676530838013,2.02098035812378,2.12387537956238,7.66565370559692,2.18588256835938,39.3975296020508,2.46922135353088,5.7050633430481,2.09284567832947,2.08333778381348,2.17998003959656,2.08014869689941
538,2.13053846359253,2.6492874622345,2.82720351219177,2.93255925178528,2.15172243118286,2.02440333366394,2.42597651481628,3.26895093917847,2.02270698547363,2.12551784515381,7.74752521514893,2.15164399147034,39.3534088134766,2.45712614059448,5.62468433380127,2.07808303833008,2.01715755462646,2.22245740890503,2.12540030479431
540,2.13366460800171,2.65878677368164,2.82963490486145,2.92036747932434,2.26769161224365,2.02485728263855,2.41195869445801,3.28522992134094,2.01348876953125,2.12422752380371,7.65886259078979,2.16607475280762,39.3488273620605,2.44057989120483,5.61536121368408,2.05098581314087,2,2.20338606834412,2.11360311508179
542,2.13492274284363,2.63853049278259,2.8065493106842,2.93245697021484,2.24031233787537,2.02356338500977,2.42477011680603,3.31135940551758,2.01255798339844,2.12183594703674,7.6689453125,2.18318819999695,39.3523559570312,2.42625761032104,5.71147584915161,2.06858134269714,2.07499265670776,2.2483594417572,2.02396535873413
544,2.13151669502258,2.61438393592834,2.79817986488342,2.95392251014709,2.21287727355957,2.02009725570679,2.40384435653687,3.31315970420837,2.02176761627197,2.12650489807129,7.97609806060791,2.15043258666992,39.350944519043,2.42271828651428,5.6017632484436,2.06480574607849,2.09188842773438,2.25667715072632,2
546,2.13499069213867,2.6526472568512,2.69885897636414,2.96749019622803,2.20592021942139,2.02021527290344,2.44455647468567,3.33230781555176,2.01846170425415,2.12732362747192,7.87085294723511,2.14704275131226,39.3830528259277,2.45481657981873,5.52533531188965,2.0553936958313,2.05848503112793,2.19963550567627,2.0855073928833
548,2.13486075401306,2.62507605552673,2.58337211608887,2.97757768630981,2.2136697769165,2.02119326591492,2.50708222389221,3.33604645729065,2.01076817512512,2.12119388580322,7.41424894332886,2.13804268836975,39.3363761901855,2.43147754669189,5.55622959136963,2.0684711933136,2.0701539516449,2.2061607837677,2.10283637046814
550,2.13342809677124,2.66214656829834,2.63412547111511,2.94451761245728,2.17160034179688,2.02352905273438,2.46985459327698,3.35908675193787,2.01124548912048,2.12479758262634,7.34768962860107,2.1353714466095,39.3085479736328,2.41803216934204,5.66208982467651,2.07942509651184,2.11928415298462,2.18648529052734,2.01831007003784
552,2.13526439666748,2.65041542053223,2.77555012702942,2.94983434677124,2.14021015167236,2.01739859580994,2.39101481437683,3.32652354240417,2.00612497329712,2.12620782852173,7.46062183380127,2.12741851806641,39.3256721496582,2.43965554237366,5.71677732467651,2.06136131286621,2.11444091796875,2.24419736862183,2.07676863670349
554,2.13764190673828,2.61874175071716,2.75159955024719,2.95966386795044,2.12581610679626,2.01836252212524,2.3749577999115,3.31536388397217,2.00750517845154,2.12478065490723,7.37820911407471,2.12315726280212,39.3027954101562,2.42404627799988,5.65061473846436,2.02528715133667,2.12962555885315,2.25941872596741,2.12831878662109
556,2.13344407081604,2.62613463401794,2.777747631073,2.94434237480164,2.11962795257568,2.0244300365448,2.35859441757202,3.34325265884399,2.01092600822449,2.12724375724792,7.21617460250854,2.14196372032166,39.3066558837891,2.39323806762695,5.63365602493286,2.0054874420166,2.11708688735962,2.23027729988098,2.12026429176331
558,2.12516689300537,2.62812423706055,2.80723881721497,2.93610620498657,2.12308621406555,2.02293872833252,2.35057210922241,3.36331129074097,2,2.12522983551025,7.33331537246704,2.09465527534485,39.3243675231934,2.419264793396,5.61855316162109,2.01341152191162,2.09030342102051,2.21146464347839,2.16414737701416
560,2.12529230117798,2.62154102325439,2.7060124874115,2.94049119949341,2.09771656990051,2.02459335327148,2.32614374160767,3.32911658287048,2.00580048561096,2.13056445121765,7.5356183052063,2.08381700515747,39.3439903259277,2.42303919792175,5.69506549835205,2.01916432380676,2.08159399032593,2.19150376319885,2.07701587677002
562,2.13024663925171,2.60758209228516,2.71697688102722,2.95131587982178,2.17882132530212,2.02550864219666,2.35348105430603,3.3174045085907,2.0156614780426,2.13267159461975,7.49270343780518,2.14168095588684,39.3510093688965,2.40363049507141,5.63656663894653,2.05960464477539,2.10439419746399,2.20940685272217,2.09356999397278
564,2.12894535064697,2.5621554851532,2.78437519073486,2.95239591598511,2.18285608291626,2.0234706401825,2.39306616783142,3.31625890731812,2.01596713066101,2.13108372688293,7.4698920249939,2.16961359977722,39.2893562316895,2.40845966339111,5.64169931411743,2.06919288635254,2.16620326042175,2.25459933280945,2.13390827178955
566,2.1188645362854,2.58534717559814,2.66328954696655,2.91853547096252,2.21389389038086,2.02193593978882,2.41094207763672,3.31672954559326,2.0152542591095,2.13388133049011,7.48597478866577,2.15058541297913,39.2804794311523,2.40461206436157,5.75570106506348,2.04886221885681,2.12760591506958,2.27715587615967,2.03502893447876
568,2.12375330924988,2.56909155845642,2.70027327537537,2.91146969795227,2.2410728931427,2.01776957511902,2.45465493202209,3.36430859565735,2.01044631004333,2.12746047973633,7.28269243240356,2.11762738227844,39.3064727783203,2.40735721588135,5.70797443389893,2.05436182022095,2.09714770317078,2.25637173652649,2.00161576271057
570,2.12490296363831,2.59300422668457,2.68831539154053,2.93370151519775,2.16780567169189,2.01808333396912,2.44861674308777,3.3653621673584,2.01210522651672,2.12609505653381,7.25461053848267,2.12499928474426,39.2845573425293,2.4306960105896,5.68651533126831,2.05434083938599,2.10629224777222,2.26981401443481,2.06850814819336
572,2.12181901931763,2.58833241462708,2.72146534919739,2.90970706939697,2.14283609390259,2.01890420913696,2.41265678405762,3.34777903556824,2.01475167274475,2.12755250930786,7.39260387420654,2.14433693885803,39.3053169250488,2.45094680786133,5.73937511444092,2.06096148490906,2.07234668731689,2.21485018730164,2.11072587966919
574,2.1215546131134,2.636714220047,2.71202063560486,2.8905770778656,2.09211254119873,2.02205419540405,2.43415808677673,3.33797454833984,2.01482176780701,2.12995505332947,7.40568685531616,2.13020443916321,39.3252296447754,2.4362940788269,5.71237564086914,2.06480574607849,2.08399677276611,2.18404245376587,2.10866498947144
576,2.1223304271698,2.63217663764954,2.63918685913086,2.89711999893188,2.10480141639709,2.02349328994751,2.42553544044495,3.34588670730591,2.01772236824036,2.1268515586853,7.27671337127686,2.1231381893158,39.299617767334,2.42405581474304,5.69894647598267,2.07038283348083,2.08753132820129,2.24587035179138,2.12666988372803
578,2.12037396430969,2.61286211013794,2.71116733551025,2.93931746482849,2.06419706344604,2.02107572555542,2.40692472457886,3.35111355781555,2.01722741127014,2.12609100341797,7.27150535583496,2.11697769165039,39.286979675293,2.42662620544434,5.74064064025879,2.06462693214417,2.05559110641479,2.28297090530396,2.13924217224121
580,2.11449790000916,2.61422395706177,2.83687043190002,2.929283618927,2,2.02544450759888,2.4128406047821,3.35254549980164,2.01838397979736,2.12811231613159,7.29304599761963,2.11362981796265,39.2921905517578,2.42105031013489,5.74014854431152,2.06114959716797,2.07339382171631,2.25671029090881,2.1245265007019
582,2.12221121788025,2.62385296821594,2.76783537864685,2.93706727027893,2.09101581573486,2.02033972740173,2.42410254478455,3.3587646484375,2.02033090591431,2.12484073638916,7.22190380096436,2.12163639068604,39.3197746276855,2.42128872871399,5.7477560043335,2.06295967102051,2.09202861785889,2.23172426223755,2.10012412071228
584,2.12834453582764,2.65575814247131,2.69058322906494,2.9440553188324,2.1821756362915,2.0138111114502,2.46499824523926,3.345370054245,2.0181086063385,2.12347483634949,7.22582006454468,2.12300825119019,39.3323554992676,2.43063879013062,5.68333768844604,2.06964921951294,2.09002304077148,2.22884345054626,2.09412240982056
586,2.12985682487488,2.56982755661011,2.80592966079712,2.93458700180054,2.15915155410767,2.01409888267517,2.47915697097778,3.32786870002747,2.01622152328491,2.12631058692932,7.31448268890381,2.12460947036743,39.3142700195312,2.42067241668701,5.60326766967773,2.07002782821655,2.07231378555298,2.21901893615723,2.11272096633911
588,2.12731313705444,2.57171750068665,2.78663110733032,2.93819117546082,2.10579419136047,2.01597118377686,2.45905804634094,3.341641664505,2.01640486717224,2.12462687492371,7.36673021316528,2.1200578212738,39.2946395874023,2.41513466835022,5.66777086257935,2.058438539505,2.05550694465637,2.22222518920898,2.11011576652527
590,2.11645531654358,2.64195966720581,2.71525859832764,2.9394428730011,2.04527163505554,2.02238368988037,2.4404718875885,3.34429097175598,2.0213520526886,2.12259483337402,7.27454710006714,2.11902618408203,39.301025390625,2.41238641738892,5.68377351760864,2.06179356575012,2.07175278663635,2.23648381233215,2.10199546813965
592,2.12061405181885,2.55169057846069,2.7648663520813,2.95302367210388,2.04696083068848,2.0218939781189,2.42823624610901,3.3500497341156,2.02287936210632,2.12665486335754,7.04370355606079,2.12543511390686,39.3145484924316,2.41061353683472,5.65763187408447,2.06006097793579,2.09902715682983,2.25341773033142,2.1009566783905
594,2.11916542053223,2.52795767784119,2.79384326934814,2.92228198051453,2.0250096321106,2.0225145816803,2.4471652507782,3.35054063796997,2.01960444450378,2.12744784355164,7.14080333709717,2.12777781486511,39.3162574768066,2.41947770118713,5.66182231903076,2.05411720275879,2.08075714111328,2.24358010292053,2.09254789352417
596,2.11566185951233,2.55042433738708,2.75621652603149,2.88741683959961,2.08085656166077,2.02381014823914,2.45112752914429,3.33676767349243,2.01671051979065,2.12645101547241,7.23611116409302,2.1296808719635,39.3065338134766,2.42328715324402,5.68768262863159,2.05964946746826,2.05707311630249,2.21792364120483,2.08216023445129
598,2.11943960189819,2.56380295753479,2.75757241249084,2.92248630523682,2.08401894569397,2.02083897590637,2.45908260345459,3.32268261909485,2.01935529708862,2.12719893455505,7.11099195480347,2.11726808547974,39.2786636352539,2.42161917686462,5.65969896316528,2.06601667404175,2.07337522506714,2.21325707435608,2.07466650009155
600,2.12082362174988,2.62809610366821,2.7315411567688,2.89636826515198,2.08112096786499,2.01987195014954,2.47129988670349,3.32452893257141,2.02123308181763,2.12656235694885,7.08180618286133,2.10800051689148,39.291072845459,2.42134594917297,5.64604473114014,2.06373810768127,2.06433343887329,2.20704364776611,2.07671928405762
602,2.12291526794434,2.61728930473328,2.72083401679993,2.90853810310364,2.16016817092896,2.0168342590332,2.46426343917847,3.34528303146362,2.01790904998779,2.12210035324097,7.13842821121216,2.12186551094055,39.2916374206543,2.42268347740173,5.62971878051758,2.05179405212402,2.06179022789001,2.23550152778625,2.0985906124115
604,2.11469292640686,2.63716888427734,2.7213134765625,2.91887140274048,2.14153909683228,2.01468873023987,2.44803500175476,3.33742737770081,2.01456427574158,2.12143588066101,7.10999202728271,2.13061714172363,39.3185920715332,2.41154766082764,5.60461759567261,2.05228304862976,2.08467483520508,2.20497274398804,2.12566423416138
606,2.11710691452026,2.60735702514648,2.77530455589294,2.91603827476501,2.12060451507568,2.01099562644958,2.45339345932007,3.36887574195862,2.01330471038818,2.1243782043457,7.09657621383667,2.12885546684265,39.3505897521973,2.41957306861877,5.6402792930603,2.04876089096069,2.11369276046753,2.20087027549744,2.0746169090271
608,2.11628603935242,2.63812565803528,2.81274437904358,2.92510271072388,2.129314661026,2.0136866569519,2.47757697105408,3.38427519798279,2.0185215473175,2.12462329864502,7.07420206069946,2.11338138580322,39.3174133300781,2.42889785766602,5.67338132858276,2.05116176605225,2.10794258117676,2.23297905921936,2.06038761138916
610,2.11931133270264,2.58010840415955,2.76183891296387,2.8876736164093,2.15806269645691,2.01848530769348,2.44532203674316,3.34620881080627,2.02038335800171,2.1271288394928,6.97933149337769,2.10151505470276,39.3048858642578,2.44163465499878,5.67093467712402,2.07554817199707,2.09193968772888,2.24379253387451,2.0827374458313
612,2.11919617652893,2.58502674102783,2.71394944190979,2.93004870414734,2.11720204353333,2.01442933082581,2.44619154930115,3.35586977005005,2.02166032791138,2.13196849822998,7.00958013534546,2.13254332542419,39.3257713317871,2.44158720970154,5.60610818862915,2.07964873313904,2.10881686210632,2.24865818023682,2.08830213546753
614,2.12227153778076,2.59401941299438,2.7452757358551,2.92062520980835,2.09602737426758,2.01797223091125,2.46336936950684,3.36525988578796,2.02118825912476,2.12939047813416,7.07159805297852,2.15262627601624,39.3100051879883,2.42230534553528,5.69363117218018,2.06813716888428,2.08157515525818,2.17565870285034,2.08785700798035
616,2.12091255187988,2.60080194473267,2.74949550628662,2.925461769104,2.08340239524841,2.01948499679565,2.45925402641296,3.34063410758972,2.02047276496887,2.1266610622406,7.04618263244629,2.14056491851807,39.3051376342773,2.41171288490295,5.71064615249634,2.06409311294556,2.06531071662903,2.16791176795959,2.06396555900574
618,2.11312580108643,2.60412931442261,2.67523550987244,2.87133502960205,2.14925670623779,2.0219030380249,2.40722489356995,3.34126329421997,2.01997876167297,2.12288594245911,7.04412031173706,2.13031530380249,39.3073310852051,2.40654063224792,5.55725622177124,2.05219650268555,2.06102824211121,2.19944977760315,2.02084922790527
620,2.12632012367249,2.49810695648193,2.81476640701294,2.87420582771301,2.25778865814209,2.01326847076416,2.41487979888916,3.34952807426453,2.01869225502014,2.12234973907471,7.12503290176392,2.12887072563171,39.2785797119141,2.40527296066284,5.57363891601562,2.04986143112183,2.06807827949524,2.20732927322388,2.08912658691406
622,2.11012673377991,2.66548037528992,2.67866039276123,2.92734098434448,2.14410090446472,2.01414012908936,2.48816514015198,3.34230661392212,2.02976274490356,2.12818312644958,7.06428575515747,2.13169884681702,39.3214225769043,2.42061185836792,5.62946557998657,2.06096148490906,2.09124326705933,2.24553823471069,2.10325694084167
624,2.11799693107605,2.61427807807922,2.58101081848145,2.9171986579895,2.16245794296265,2.0211341381073,2.46429395675659,3.31409549713135,2.02485752105713,2.13046145439148,7.02828741073608,2.14171147346497,39.3492660522461,2.41810512542725,5.68772506713867,2.05393815040588,2.06166887283325,2.26595735549927,2.16017389297485
626,2.11729621887207,2.63678789138794,2.62299752235413,2.9846339225769,2.12312626838684,2.01513290405273,2.42496609687805,3.30257797241211,2.01613521575928,2.12879371643066,7.1509485244751,2.15909242630005,39.3181533813477,2.42790341377258,5.60558795928955,2.02855277061462,2.05947613716125,2.29281520843506,2.15893721580505
628,2.10916495323181,2.63663625717163,2.64749765396118,2.918869972229,2.17603540420532,2.01579713821411,2.43459892272949,3.30992221832275,2.01396870613098,2.12269949913025,7.15384435653687,2.14174199104309,39.2631683349609,2.45169353485107,5.71877384185791,2.02657556533813,2.06046724319458,2.20520496368408,2.14091563224792
630,2.12428736686707,2.51927900314331,2.89221739768982,2.91355204582214,2.24622058868408,2.01221704483032,2.53375816345215,3.3483772277832,2.02529764175415,2.12321877479553,6.97337341308594,2.13086175918579,39.3369407653809,2.46422696113586,5.87259960174561,2.06330561637878,2.10190224647522,2.17289042472839,2.12542510032654
632,2.10072588920593,2.70830512046814,2.74593019485474,2.92611980438232,2.0908796787262,2.01876902580261,2.49798202514648,3.32609391212463,2.03588080406189,2.12798023223877,6.83350515365601,2.11746311187744,39.3644523620605,2.49611234664917,5.85846710205078,2.04541778564453,2.10585284233093,2.22276282310486,2.10130310058594
634,2.11234426498413,2.56480741500854,2.58400321006775,2.89998817443848,2.18752336502075,2.02150750160217,2.30788207054138,3.24811482429504,2.02911138534546,2.12629842758179,6.88800239562988,2.13344526290894,39.4098854064941,2.46149468421936,5.55925321578979,2.01176524162292,2.07638597488403,2.20256304740906,2.08424592018127
636,2.11934375762939,2.5355236530304,2.8339364528656,2.98474931716919,2.34465742111206,2.01424312591553,2.30831074714661,3.20848345756531,2.02382874488831,2.13796949386597,6.93764591217041,2.16025424003601,39.447681427002,2.43061351776123,5.45776653289795,2.05296301841736,2.10258030891418,2.22325396537781,2.15465021133423
638,2.107417345047,2.63045787811279,2.63123822212219,2.9094090461731,2.33002328872681,2.02207064628601,2.42270016670227,3.26059913635254,2.02689671516418,2.13765835762024,7.07995176315308,2.22941136360168,39.4142913818359,2.41745400428772,5.47743988037109,2.05710554122925,2.01163625717163,2.2471911907196,2.29841017723083
640,2.12075352668762,2.48904490470886,2.39841794967651,2.91484141349792,2.22027444839478,2.02337098121643,2.39076972007751,3.3236083984375,2.03096652030945,2.13060975074768,7.30583715438843,2.16157650947571,39.2467575073242,2.39745092391968,5.48303651809692,2.01359939575195,2.00722765922546,2.25520348548889,2.1997287273407
